# <central pred>  <stat uncert up>  <stat uncert down>  <syst uncert up> <syst uncert down>
2210.65   51.93   51.93   445.25   445.25
660.14   27.19   27.19   131.09   131.09
77.34   9.21   9.21   15.32   15.32
9.52   3.39   3.39   2.05   2.05
277.49   18.93   18.93   58.98   58.98
112.80   11.99   11.99   23.88   23.88
36.11   6.51   6.51   7.53   7.53
9.01   3.20   3.20   1.84   1.84
103.54   12.15   12.15   22.57   22.57
52.45   8.42   8.42   10.69   10.69
6.95   2.84   2.84   1.45   1.45
2.35   1.68   1.68   0.50   0.50
31.02   6.49   6.49   6.78   6.78
10.13   3.84   3.84   2.14   2.14
2.28   1.62   1.62   0.51   0.51
16.71   4.65   4.65   4.02   4.02
9.74   3.69   3.69   2.15   2.15
132.48   11.86   11.86   57.44   57.44
22.01   4.59   4.59   9.71   9.71
0.00   2.90   0.00   1.35   0.00
55.76   7.82   7.82   24.18   24.18
10.40   3.01   3.01   4.55   4.55
2.87   2.04   2.04   1.44   1.44
24.05   5.26   5.26   10.71   10.71
7.97   3.02   3.02   3.61   3.61
0.00   3.26   0.00   1.62   0.00
11.53   4.08   4.08   5.09   5.09
3.52   2.04   2.04   1.68   1.68
0.00   2.17   0.00   1.18   0.00
10.04   5.02   5.02   4.80   4.80
3.21   2.28   2.28   1.59   1.59
1.86   1.31   1.31   0.80   0.80
4.79   1.96   1.96   2.19   2.19
1.41   1.41   1.41   0.62   0.62
5.08   2.54   2.54   2.37   2.37
0.00   3.77   0.00   1.85   0.00
