307.40   18.48  219.93  217.15
34.45     5.84   22.42   23.78
1.32      1.15    0.99    0.90
0.09      0.29    0.09    0.09
91.68    10.20   64.65   64.65
9.94      3.22    6.72    6.60
0.84      0.91    0.93    0.84
0.12      0.35    0.12    0.10
59.00     7.20   24.93   22.35
5.09      2.16    1.90    1.23
0.51      0.67    0.23    0.08
0.12      0.33    0.07    0.07
31.17     5.30   11.96   11.93
2.27      1.27    1.00    0.78
0.24      0.50    0.13    0.05
35.14     6.12   11.89   13.54
2.43      1.37    1.42    1.42
18.19     3.85    8.50    8.11
1.85      1.37    0.97    0.97
0.01      0.10    0.06    0.01
13.13     3.40    5.98    5.33
1.95      1.14    0.80    0.85
0.15      0.39    0.11    0.11
11.92     3.84    4.36    4.81
1.54      1.31    0.72    0.72
0.11      0.32    0.16    0.11
6.82      2.95    2.54    2.53
0.92      1.03    0.72    0.72
0.09      0.29    0.06    0.06
7.80      2.84    3.13    2.57
0.83      0.92    0.56    0.56
0.14      0.38    0.19    0.14
0.54      0.69    0.56    0.54
0.73      0.78    0.59    0.44
0.54      0.75    0.52    0.52
0.89      0.94    0.95    0.89
