1748.52           37.58             203.18                   203.18 
590.21            21.37              64.19                    64.19
66.30             6.14                7.13                     7.23
5.74              1.12                0.69                     0.69
191.96            11.11              31.22                    31.22
83.53              6.6                9.34                     9.30
24.09              2.33               2.66                     2.67
10.35              1.53               1.22                     1.22
66.47              5.91               7.78                     7.83
40.49              6.66               8.71                     8.71
6.79               1.81               0.79                     0.79
2.49               0.79               0.27                     0.28
21.33              3.04               2.69                     2.69
13.65              6.22               3.50                     3.50
2.74               1.14               0.34                     0.33
23.47              2.41               5.00                     5.00
6.64               1.18               0.77                     0.77
116.73             8.3               22.99                    23.19
17.97              3.6                3.52                     3.53
0.115              0.5                0.028                    0.022
45.89              4.45               9.54                     9.54
12.02              2.65               2.38                     2.38
1.21               0.73               0.25                     0.29
29.50              4.22               6.56                     6.56
8.60               2.09               1.71                     1.73
0.64               0.78               0.15                     0.13
6.36               2.33               1.35                     1.35
3.49               1.80               0.73                     0.74
0.08               0.49               0.021                    0.035
1.97               1.16               0.45                     0.47
2.75               1.81               0.60                     0.60
2.82               1.27               0.58                     0.58 
2.28               1.13               0.46                     0.46
2.88               1.20               0.61                     0.60
1.44               0.84               0.30                     0.42
2.39               1.26               0.54                     0.77

