# <yield> <stat> <systdn> <systup>
1821.28   26.31   384.92   384.48
993.58   19.78   216.23   216.08
273.21   10.31   61.98   61.96
42.01   4.04   9.52   9.52
215.84   9.04   44.55   44.50
124.08   6.96   25.33   25.31
46.86   4.26   10.22   10.22
35.29   3.70   7.95   7.95
76.28   5.37   15.48   15.47
39.34   3.92   7.98   7.97
18.08   2.64   3.86   3.86
17.81   2.63   3.98   3.98
25.34   3.10   5.13   5.13
16.71   2.55   3.41   3.41
12.35   2.18   2.67   2.67
10.51   1.99   2.11   2.11
10.93   2.07   2.32   2.32
22.72   2.78   5.77   5.76
9.92   1.88   2.54   2.54
0.70   0.50   0.25   0.25
9.09   1.75   2.47   2.46
4.23   1.22   1.17   1.16
1.77   0.79   0.58   0.58
4.37   1.21   1.16   1.16
3.52   1.11   0.96   0.95
1.41   0.70   0.47   0.47
3.33   1.05   0.97   0.97
1.42   0.71   0.36   0.36
0.36   0.36   0.11   0.11
1.33   0.67   0.39   0.39
1.06   0.61   0.34   0.34
0.00   0.58   0.00   0.61
0.64   0.45   0.32   0.32
0.60   0.43   0.31   0.31
0.00   0.61   0.00   0.73
0.00   0.55   0.00   0.58
